image_width: 640
image_height: 360
camera_name: camera
camera_matrix:
  rows: 3
  cols: 3
  data: [374.05301355, 0.0, 323.70583231, 0.0, 370.76324151, 170.44568973, 0.0, 0.0, 1.0]
distortion_model: rational_polynomial
distortion_coefficients:
  rows: 1
  cols: 5
  data: [-0.410323927, 0.217851057, 0.000269170847, -0.00102832499, -0.0644903226]
rectification_matrix:
  rows: 3
  cols: 3
  data: [1, 0, 0, 0, 1, 0, 0, 0, 1]
projection_matrix:
  rows: 3
  cols: 4
  data: [410.701904296875, 0.0, 326.5409460221417, 0.0, 0.0, 453.28570556640625, 241.03309046789218, 0.0, 0.0, 0.0, 1.0, 0.0]